$ANSIBLE_VAULT;1.1;AES256
35333866343366303065626339303538353265663761353736643239643534383731313162343965
3035646461313839396661363436656439643162316631350a366665643735616363313835313262
33316561373666373530663564393530393732633163333031313336363563633939643362343032
6435656339613637390a316236343136623431343333353762393830623933373634366464636135
61616663633930613836383134653933396539396430303331343864353536336365616163373761
31363438343666396133333030353235633031373239653862666436366139343865356236633638
31383965366639656166623464346265393934356235353561303734343065366466653066323563
65356266303065386464383365303638316531656638313634313730626262636532643730616630
33373233643534666339343132383262623961313563663036346261626364323335393838343262
32316462333331336162613663303763633661303361306663643330613933373264613437626638
34353238393433363136616537353835643663633761373361313166313335363262636534656438
33613334643136373534
